EFLOW_VERSION=12.2.122040.24
TAG_NAME=12.2.122040.24